16    1568421345.434097831
32    1568421345.447720824
48    1568421345.464247079
64    1568421345.487287419
80    1568421345.516880197
96    1568421345.553111424
112    1568421345.596007725
128    1568421345.645593778
144    1568421345.701951449
160    1568421345.764977145
176    1568421345.834840374
192    1568421345.911147636
208    1568421345.994153637
224    1568421346.83821074
240    1568421346.180029924
256    1568421346.283181578
272    1568421346.392963035
288    1568421346.512906813
304    1568421346.636398587
320    1568421346.766302649
336    1568421346.902625903
352    1568421347.45600432
368    1568421347.195098726
384    1568421347.351560219
400    1568421347.514598545
416    1568421347.684425812
432    1568421347.861108102
448    1568421348.44407144
464    1568421348.234003175
480    1568421348.430433464
496    1568421348.633374406
512    1568421348.843003826
528    1568421349.59441557
544    1568421349.282623988
560    1568421349.512328543
576    1568421349.748759935
592    1568421349.992112620
608    1568421350.241701415
624    1568421350.497974041
640    1568421350.761470311
656    1568421351.31390885
672    1568421351.307947540
688    1568421351.594330836
704    1568421351.884922908
720    1568421352.181263195
736    1568421352.484471069
752    1568421352.794221063
768    1568421353.110648761
784    1568421353.433811136
800    1568421353.763642622
816    1568421354.100173089
832    1568421354.443361108
848    1568421354.793276630
864    1568421355.150514056
880    1568421355.513688099
896    1568421355.883866688
912    1568421356.260341129
928    1568421356.647420017
944    1568421357.37463211
960    1568421357.434186727
976    1568421357.838280425
992    1568421358.248179491
1008    1568421358.664477804
1024    1568421359.87873942
1040    1568421359.517900363
1056    1568421359.954785094
1072    1568421360.401907368
1088    1568421360.852155425
1104    1568421361.308760010
1120    1568421361.778922577
1136    1568421362.248954239
1152    1568421362.725737628
1168    1568421363.209225547
1184    1568421363.700016102
1200    1568421364.196983375
1216    1568421364.700490951
1232    1568421365.210446926
1248    1568421365.727342783
1264    1568421366.251402071
1280    1568421366.786799777
1296    1568421367.323530086
1312    1568421367.866870784
1328    1568421368.416945853
1344    1568421368.973887372
1360    1568421369.537393526
1376    1568421370.107749216
1392    1568421370.684496392
1408    1568421371.268081397
1424    1568421371.865323862
1440    1568421372.463235709
1456    1568421373.80305267
1472    1568421373.690563794
1488    1568421374.307718437
1504    1568421374.931168632
1520    1568421375.561374103
1536    1568421376.198365670
1552    1568421376.846175724
1568    1568421377.496366718
1584    1568421378.153425419
1600    1568421378.817296762
1616    1568421379.487243375
1632    1568421380.164208292
1648    1568421380.847824878
1664    1568421381.542316589
1680    1568421382.242220835
1696    1568421382.945966794
1712    1568421383.656148488
1728    1568421384.373376279
1744    1568421385.96940033
1760    1568421385.827240008
1776    1568421386.569625469
1792    1568421387.314435651
1808    1568421388.65068230
1824    1568421388.822802472
1840    1568421389.586241619
1856    1568421390.356765648
1872    1568421391.133700686
1888    1568421391.921966130
1904    1568421392.712686961
1920    1568421393.509583677
1936    1568421394.313388002
1952    1568421395.123626704
1968    1568421395.940571894
1984    1568421396.769621580
2000    1568421397.600051555
2016    1568421398.437565448
2032    1568421399.281174191
2048    1568421400.132141833
2064    1568421400.989154670
2080    1568421401.856666858
2096    1568421402.727347240
2112    1568421403.604508516
2128    1568421404.488570923
2144    1568421405.378831228
2160    1568421406.276181463
2176    1568421407.196532042
2192    1568421408.107519998
2208    1568421409.24569820
2224    1568421409.948565639
2240    1568421410.879498533
2256    1568421411.833005078
2272    1568421412.776957404
2288    1568421413.727481321
2304    1568421414.684574957
2320    1568421415.649019929
2336    1568421416.629226575
2352    1568421417.608327248
2368    1568421418.592443501
2384    1568421419.583226418
2400    1568421420.594436647
2416    1568421421.606505556
2432    1568421422.619290279
2448    1568421423.636920877
2464    1568421424.662169205
2480    1568421425.692964018
2496    1568421426.745711785
2512    1568421427.789825486
2528    1568421428.840619110
2544    1568421429.898255692
2560    1568421430.962734795
2576    1568421432.38882311
2592    1568421433.116334643
2608    1568421434.200004097
2624    1568421435.290879622
2640    1568421436.388509617
2656    1568421437.506229721
2672    1568421438.617334924
2688    1568421439.734444117
2704    1568421440.858472139
2720    1568421442.1798633
2736    1568421443.139681062
2752    1568421444.283265686
2768    1568421445.434387291
2784    1568421446.599731097
2800    1568421447.765987450
2816    1568421448.937102695
2832    1568421450.114086844
2848    1568421451.298960720
2864    1568421452.498851211
2880    1568421453.696831325
2896    1568421454.900892469
2912    1568421456.111455047
2928    1568421457.345209672
2944    1568421458.569521225
2960    1568421459.800918227
2976    1568421461.38489272
2992    1568421462.296421684
3008    1568421463.547959860
3024    1568421464.805256525
3040    1568421466.69337047
3056    1568421467.356046509
3072    1568421468.634050702
3088    1568421469.918719981
3104    1568421471.209198645
3120    1568421472.530523000
3136    1568421473.834791382
3152    1568421475.146389974
3168    1568421476.464009996
3184    1568421477.804830391
3200    1568421479.135731106
3216    1568421480.485320227
3232    1568421481.837352240
3248    1568421483.189544300
3264    1568421484.548006069
3280    1568421485.912718528
3296    1568421487.293531630
3312    1568421488.671306915
3328    1568421490.56419008
3344    1568421491.447894210
3360    1568421492.868909249
3376    1568421494.273740140
3392    1568421495.685189685
3408    1568421497.123005364
3424    1568421498.547310414
3440    1568421499.978493431
3456    1568421501.415569179
3472    1568421502.881238479
3488    1568421504.332090632
3504    1568421505.790177207
3520    1568421507.283618532
3536    1568421508.754991907
3552    1568421510.234517409
3568    1568421511.735575382
3584    1568421513.231373773
3600    1568421514.729157839
3616    1568421516.237204054
3632    1568421517.760959032
3648    1568421519.279115977
3664    1568421520.804059940
3680    1568421522.368442127
3696    1568421523.907462797
3712    1568421525.452517925
3728    1568421527.14673872
3744    1568421528.574669904
3760    1568421530.142326161
3776    1568421531.728021456
3792    1568421533.312995773
3808    1568421534.898552968
3824    1568421536.490748768
3840    1568421538.114440593
3856    1568421539.722886876
3872    1568421541.349075841
3888    1568421542.984204665
3904    1568421544.609987606
3920    1568421546.243784655
3936    1568421547.892715266
3952    1568421549.537510912
3968    1568421551.189253594
3984    1568421552.855598159
4000    1568421554.522808744
4016    1568421556.196522421
4032    1568421557.880719765
4048    1568421559.568281348
4064    1568421561.265182677
4080    1568421562.974961705
4096    1568421564.687477198
4112    1568421566.402198886
4128    1568421568.140386994
4144    1568421569.869293404
4160    1568421571.615114602
4176    1568421573.376882398
4192    1568421575.124504119
4208    1568421576.900979134
4224    1568421578.665931209
4240    1568421580.434319601
4256    1568421582.217515919
4272    1568421584.1616914
4288    1568421585.794856651
4304    1568421587.618422742
4320    1568421589.422517134
4336    1568421591.232998500
4352    1568421593.53199518
4368    1568421594.878013760
4384    1568421596.718999126
4400    1568421598.581821379
4416    1568421600.426912584
4432    1568421602.294120999
4448    1568421604.160159707
4464    1568421606.33722630
4480    1568421607.937927972
4496    1568421609.822434194
4512    1568421611.723865965
4528    1568421613.646978853
4544    1568421615.557223908
4560    1568421617.485861061
4576    1568421619.399885789
4592    1568421621.321028400
4608    1568421623.255564104
4624    1568421625.192495806
4640    1568421627.139051655
4656    1568421629.92725574
4672    1568421631.46494052
4688    1568421633.27417563
4704    1568421635.1590213
4720    1568421636.998003705
4736    1568421638.986190643
4752    1568421640.979948471
4768    1568421643.2765445
4784    1568421645.15870819
4800    1568421647.54771956
4816    1568421649.72667163
4832    1568421651.110367014
4848    1568421653.157621710
4864    1568421655.207495429
4880    1568421657.265496952
4896    1568421659.332464390
4912    1568421661.410993209
4928    1568421663.493842834
4944    1568421665.578050614
4960    1568421667.681577797
4976    1568421669.778530836
4992    1568421671.895094561
5008    1568421674.19072301
5024    1568421676.138926154
5040    1568421678.260941150
5056    1568421680.388160927
5072    1568421682.518226392
5088    1568421684.656444090
5104    1568421686.811658472
5120    1568421688.986427086
5136    1568421691.146495058
5152    1568421693.323033498
5168    1568421695.489096812
5184    1568421697.678156955
5200    1568421699.866563822
5216    1568421702.72310973
5232    1568421704.272521416
5248    1568421706.469542452
5264    1568421708.685889284
5280    1568421710.913776362
5296    1568421713.156141082
5312    1568421715.398844973
5328    1568421717.645370863
5344    1568421719.899035140
5360    1568421722.191898535
5376    1568421724.438941908
5392    1568421726.716354327
5408    1568421729.853636
5424    1568421731.285233765
5440    1568421733.580561765
5456    1568421735.882654490
5472    1568421738.212321220
5488    1568421740.534139995
5504    1568421742.865752626
5520    1568421745.192928942
5536    1568421747.534790333
5552    1568421749.877577423
5568    1568421752.212946237
5584    1568421754.564436100
5600    1568421756.937549279
5616    1568421759.317315010
5632    1568421761.694999480
5648    1568421764.84351309
5664    1568421766.472070393
5680    1568421768.851256961
5696    1568421771.249198387
5712    1568421773.653416893
5728    1568421776.59988244
5744    1568421778.465035843
5760    1568421780.887152943
5776    1568421783.334595268
5792    1568421785.780105398
5808    1568421788.266298726
5824    1568421790.722097453
5840    1568421793.213944206
5856    1568421795.683736695
5872    1568421798.185776762
5888    1568421800.673253517
5904    1568421803.186972919
5920    1568421805.684286983
5936    1568421808.213608142
5952    1568421810.719507912
5968    1568421813.267977302
5984    1568421815.787473952
6000    1568421818.348551041
6016    1568421820.871313459
6032    1568421823.458213592
6048    1568421825.998401107
6064    1568421828.562231402
6080    1568421831.130658541
6096    1568421833.699618015
6112    1568421836.278452812
6128    1568421838.873017470
6144    1568421841.484418307
6160    1568421844.83211655
6176    1568421846.690510713
6192    1568421849.303528933
6208    1568421851.930180604
6224    1568421854.565728368
6240    1568421857.218675509
6256    1568421859.883407373
6272    1568421862.523041360
6288    1568421865.174435707
6304    1568421867.813484732
6320    1568421870.478584576
6336    1568421873.157266136
6352    1568421875.833600701
6368    1568421878.562176277
6384    1568421881.252657865
6400    1568421883.967796895
6416    1568421886.683481512
6432    1568421889.401262243
6448    1568421892.142299782
6464    1568421894.876391210
6480    1568421897.598233370
6496    1568421900.335909276
6512    1568421903.80531421
6528    1568421905.830987708
6544    1568421908.638589985
6560    1568421911.404004044
6576    1568421914.189396400
6592    1568421916.984532403
6608    1568421919.784610024
6624    1568421922.585922179
6640    1568421925.386176264
6656    1568421928.200111592
6672    1568421931.22161249
6688    1568421933.847093977
6704    1568421936.685363278
6720    1568421939.526104025
6736    1568421942.380572161
6752    1568421945.252655871
6768    1568421948.125387781
6784    1568421950.992936058
6800    1568421953.891209967
6816    1568421956.783280525
6832    1568421959.665901795
6848    1568421962.572885108
6864    1568421965.474964578
6880    1568421968.390988356
6896    1568421971.313855014
6912    1568421974.254627166
6928    1568421977.208761176
6944    1568421980.159880826
6960    1568421983.110995228
6976    1568421986.68433104
6992    1568421989.31654965
7008    1568421992.1635779
7024    1568421994.969891912
7040    1568421997.951611433
7056    1568422000.934453693
7072    1568422003.944673525
7088    1568422006.944772443
7104    1568422009.951007268
7120    1568422012.955219272
7136    1568422015.977174341
7152    1568422019.12283337
7168    1568422022.54993459
7184    1568422025.77116841
7200    1568422028.124452414
7216    1568422031.174495719
7232    1568422034.237837706
7248    1568422037.315791808
7264    1568422040.397422438
7280    1568422043.477477338
7296    1568422046.565735094
7312    1568422049.650561463
7328    1568422052.747529728
7344    1568422055.853041529
7360    1568422059.6657195
7376    1568422062.137765098
7392    1568422065.262872778
7408    1568422068.401296411
7424    1568422071.546501700
7440    1568422074.705978372
7456    1568422077.865178472
7472    1568422081.56547565
7488    1568422084.247870880
7504    1568422087.447952615
7520    1568422090.644818035
7536    1568422093.854441942
7552    1568422097.58430114
7568    1568422100.265083655
7584    1568422103.482039658
7600    1568422106.700054415
7616    1568422109.932092754
7632    1568422113.168684043
7648    1568422116.410702302
7664    1568422119.669008617
7680    1568422122.928683413
7696    1568422126.196018012
7712    1568422129.465920471
7728    1568422132.745257326
7744    1568422136.123184198
7760    1568422139.438327521
7776    1568422142.769023859
7792    1568422146.92677631
7808    1568422149.420716379
7824    1568422152.731647453
7840    1568422156.73343826
7856    1568422159.421560704
7872    1568422162.756890572
7888    1568422166.115345666
7904    1568422169.490211073
7920    1568422172.852250850
7936    1568422176.225228753
7952    1568422179.613730131
7968    1568422182.995218084
7984    1568422186.377676473
8000    1568422189.763253168
8016    1568422193.162431943
8032    1568422196.572813869
8048    1568422199.990457770
8064    1568422203.408219885
8080    1568422206.835247036
8096    1568422210.261851748
8112    1568422213.704435977
8128    1568422217.160518912
8144    1568422220.612620165
8160    1568422224.90317497
8176    1568422227.560996232
8192    1568422231.35832141
Allocated    MB
