1569995869.746446626
1569995869.749113572
1569995869.751734705
1569995869.754570454
1569995869.757222280
1569995869.760018206
1569995869.762721712
1569995869.765514859
1569995869.768268286
1569995869.771056032
1569995869.773814566
1569995869.776516622
1569995869.779147943
1569995869.781764270
1569995869.784356413
1569995869.787123450
1569995869.789854696
1569995869.792579248
1569995869.795302178
1569995869.797984937
1569995869.800691458
1569995869.803374265
1569995869.806100918
1569995869.808813069
1569995869.811617455
1569995869.814448952
1569995869.817144147
1569995869.819765971
1569995869.822582081
1569995869.825385278
1569995869.828144981
1569995869.830916549
1569995869.833621822
1569995869.836357996
1569995869.839050227
1569995869.841820211
1569995869.844433565
1569995869.847033386
1569995869.849738357
1569995869.852439871
1569995869.855176919
1569995869.857951539
1569995869.860636451
1569995869.863325385
1569995869.865960711
1569995869.868590204
1569995869.871336135
1569995869.873955419
1569995869.876683943
1569995869.879352049
1569995869.881955182
1569995869.884652853
1569995869.887330940
1569995869.889942122
1569995869.892588171
1569995869.895344636
1569995869.898091010
1569995869.900759421
1569995869.903353016
1569995869.906059914
1569995869.908734697
1569995869.911350822
1569995869.914023901
1569995869.916724116
1569995869.919430889
1569995869.922095634
1569995869.924813692
1569995869.927388607
1569995869.930128548
1569995869.932796898
1569995869.935550345
1569995869.938216462
1569995869.940821162
1569995869.943502712
1569995869.946251280
1569995869.948849088
1569995869.951534332
1569995869.954271938
1569995869.956959839
1569995869.959675568
1569995869.962413726
1569995869.965007491
1569995869.967702472
1569995869.970382758
1569995869.973154437
1569995869.975779765
1569995869.978474447
1569995869.981221974
1569995869.983959035
1569995869.986617504
1569995869.989385988
1569995869.992058046
1569995869.994710794
1569995869.997459630
1569995870.790820000
1569995870.273252300
1569995870.548319800
1569995870.819162900
1569995870.108208180
1569995870.135165090
